           22
           28
          6245.63641           3245.72079             50.00000              1.24581              0.00000           1000.00000              2.00000              1.00000              1.00000              0.00000           1414.21357              0.00000              1.24581           1414.21357             -1.00000           5245.63640           2245.72079             50.00000              0.24581
          6211.88185           2211.96625             50.00004              1.21205              0.00000           1000.00000              2.00000              1.00000              1.00000              0.00000           1414.21363              0.00000              1.21205           1414.21363             -1.00000           5211.88182           1211.96622             50.00000              0.21205
          8321.03712           3321.12149             67.87949              1.00000              0.00000    24000000000.00000              1.00000              1.00000              1.00000              0.00000           1414.21368              0.00000              1.00000           1414.21368             -1.00000           7321.03705           2321.12142             67.87942              0.00000
          7320.78399           3320.86839             67.90484              1.00000              0.00000    24000000000.00000              1.00000              1.00000              1.00000              0.00000           1414.21374              0.00000              1.00000           1414.21374             -1.00000           6320.78388           2320.86828             67.90473              0.00000
          6320.53088           3320.61525             67.93018              1.00000              0.00000    24000000000.00000              1.00000              1.00000              1.00000              0.00000           1414.21380              0.00000              1.00000           1414.21380             -1.00000           5320.53074           2320.61511             67.93005              0.00000
          8319.77143           2319.85580             68.00617              1.00000              0.00000    24000000000.00000              1.00000              1.00000              1.00000              0.00000           1414.21385              0.00000              1.00000           1414.21385             -1.00000           7319.77126           1319.85563             68.00600              0.00000
          6319.26515           2319.34952             68.05683              1.00000              0.00000    24000000000.00000              1.00000              1.00000              1.00000              0.00000           1414.21391              0.00000              1.00000           1414.21391             -1.00000           5319.26495           1319.34932             68.05663              0.00000
          7319.51832           2319.60272             68.03155              1.00000              0.00000    24000000000.00000              1.00000              1.00000              1.00000              0.00000           1414.21397              0.00000              1.00000           1414.21397             -1.00000           6319.51809           1319.60249             68.03131              0.00000
          5317.74625           1317.83062             68.20879              1.00000              0.00000    24000000000.00000              1.00000              1.00000              1.00000              0.00000           1414.21403              0.00000              1.00000           1414.21403             -1.00000           4317.74598            317.83035             68.20852              0.00000
          6317.99943           1318.08383             68.18351              1.00000              0.00000    24000000000.00000              1.00000              1.00000              1.00000              0.00000           1414.21408              0.00000              1.00000           1414.21408             -1.00000           5317.99912            318.08352             68.18321              0.00000
          7318.25263           1318.33703             68.15823              1.00000              0.00000    24000000000.00000              1.00000              1.00000              1.00000              0.00000           1414.21414              0.00000              1.00000           1414.21414             -1.00000           6318.25230            318.33670             68.15789              0.00000
          8318.50583           1318.59020             68.13294              1.00000              0.00000    24000000000.00000              1.00000              1.00000              1.00000              0.00000           1414.21420              0.00000              1.00000           1414.21420             -1.00000           7318.50547            318.58984             68.13258              0.00000
          4284.07571           3284.16008             71.57546              1.00000              0.00000    24000000000.00000              1.00000              1.00000              1.00000              0.00000           1414.21371              0.00000              1.00000           1414.21371              2.00000           3284.07580           2284.16017             71.57554              0.00000
          5319.01221           2319.09658             68.08238              1.00000              0.00000    24000000000.00000              1.00000              1.00000              1.00000              0.00000           1414.21431              0.00000              1.00000           1414.21431             -1.00000           4319.01178           1319.09615             68.08195              0.00000
          4283.06299           2283.14739             71.67666              1.00000              0.00000    24000000000.00000              1.00000              1.00000              1.00000              0.00000           1414.21382              0.00000              1.00000           1414.21382              2.00000           3283.06314           1283.14754             71.67681              0.00000
          5320.27709           3320.36149             67.95489              1.00000              0.00000    24000000000.00000              1.00000              1.00000              1.00000              0.00000           1414.21439              0.00000              1.00000           1414.21439             -1.00000           4320.27757           2320.36197             67.95537              0.00000
          4282.05030           1282.13467             71.77786              1.00000              0.00000    24000000000.00000              1.00000              1.00000              1.00000              0.00000           1414.21394              0.00000              1.00000           1414.21394              2.00000           3282.05052            282.13489             71.77807              0.00000
          6178.12700           1178.21138             49.99975              1.17830              0.00000           1000.00000              2.00000              1.00000              1.00000              0.00000           1414.21399              0.00000              1.17830           1414.21399             -1.00000           5178.12724            178.21163             50.00000              0.17830
          5111.63073            111.71512             50.00000              0.11180              0.00000           1000.00000              2.00000              1.00000              1.00000              0.00000           1060.66054              0.00000              0.86180           1060.66054             25.00000           5111.63073            111.71512             50.00000              1.11180
          5145.38531           1145.46970             50.00000              0.14555              0.00000           1000.00000              2.00000              1.00000              1.00000              0.00000           1414.21394              0.00000              1.14555           1414.21394             26.00000           5145.38531           1145.46970             50.00000              1.14555
          5179.39304           2179.47742             50.00000              0.17956              0.00000           1000.00000              2.00000              1.00000              1.00000              0.00000           1414.21382              0.00000              1.17956           1414.21382             27.00000           5179.39304           2179.47742             50.00000              1.17956
          5212.89445           3212.97884             50.00000              0.21306              0.00000           1000.00000              2.00000              1.00000              1.00000              0.00000           1414.21371              0.00000              1.21306           1414.21371             28.00000           5212.89445           3212.97884             50.00000              1.21306

