           20
           20
           299.51850           4299.60290             70.03127              0.00000              0.00000    24000000000.00000              1.00000              1.00000              1.00000              0.00000              0.00000              0.00000              0.00000              0.00000              1.00000            299.51850           4299.60290             70.03127              0.00000
          1299.77167           4299.85607             70.00596              0.00000              0.00000    24000000000.00000              1.00000              1.00000              1.00000              0.00000              0.00000              0.00000              0.00000              0.00000              2.00000           1299.77167           4299.85607             70.00596              0.00000
          2300.02484           4300.10921             69.98064              0.00000              0.00000    24000000000.00000              1.00000              1.00000              1.00000              0.00000              0.00000              0.00000              0.00000              0.00000              3.00000           2300.02484           4300.10921             69.98064              0.00000
          3300.27798           4300.36238             69.95533              0.00000              0.00000    24000000000.00000              1.00000              1.00000              1.00000              0.00000              0.00000              0.00000              0.00000              0.00000              4.00000           3300.27798           4300.36238             69.95533              0.00000
           300.53115           5300.61552             69.93001              0.00000              0.00000    24000000000.00000              1.00000              1.00000              1.00000              0.00000              0.00000              0.00000              0.00000              0.00000              5.00000            300.53115           5300.61552             69.93001              0.00000
          1300.78429           5300.86869             69.90469              0.00000              0.00000    24000000000.00000              1.00000              1.00000              1.00000              0.00000              0.00000              0.00000              0.00000              0.00000              6.00000           1300.78429           5300.86869             69.90469              0.00000
          2301.03746           5301.12186             69.87938              0.00000              0.00000    24000000000.00000              1.00000              1.00000              1.00000              0.00000              0.00000              0.00000              0.00000              0.00000              7.00000           2301.03746           5301.12186             69.87938              0.00000
          3301.29063           5301.37500             69.85406              0.00000              0.00000    24000000000.00000              1.00000              1.00000              1.00000              0.00000              0.00000              0.00000              0.00000              0.00000              8.00000           3301.29063           5301.37500             69.85406              0.00000
           301.54377           6301.62817             69.82875              0.00000              0.00000    24000000000.00000              1.00000              1.00000              1.00000              0.00000              0.00000              0.00000              0.00000              0.00000              9.00000            301.54377           6301.62817             69.82875              0.00000
          1301.79694           6301.88131             69.80343              0.00000              0.00000    24000000000.00000              1.00000              1.00000              1.00000              0.00000              0.00000              0.00000              0.00000              0.00000             10.00000           1301.79694           6301.88131             69.80343              0.00000
          2302.05011           6302.13448             69.77811              0.00000              0.00000    24000000000.00000              1.00000              1.00000              1.00000              0.00000              0.00000              0.00000              0.00000              0.00000             11.00000           2302.05011           6302.13448             69.77811              0.00000
          3302.30325           6302.38765             69.75280              0.00000              0.00000    24000000000.00000              1.00000              1.00000              1.00000              0.00000              0.00000              0.00000              0.00000              0.00000             12.00000           3302.30325           6302.38765             69.75280              0.00000
           302.55643           7302.64080             69.72748              0.00000              0.00000    24000000000.00000              1.00000              1.00000              1.00000              0.00000              0.00000              0.00000              0.00000              0.00000             13.00000            302.55643           7302.64080             69.72748              0.00000
          1302.80957           7302.89397             69.70217              0.00000              0.00000    24000000000.00000              1.00000              1.00000              1.00000              0.00000              0.00000              0.00000              0.00000              0.00000             14.00000           1302.80957           7302.89397             69.70217              0.00000
          2303.06274           7303.14714             69.67685              0.00000              0.00000    24000000000.00000              1.00000              1.00000              1.00000              0.00000              0.00000              0.00000              0.00000              0.00000             15.00000           2303.06274           7303.14714             69.67685              0.00000
          3303.31591           7303.40028             69.65153              0.00000              0.00000    24000000000.00000              1.00000              1.00000              1.00000              0.00000              0.00000              0.00000              0.00000              0.00000             16.00000           3303.31591           7303.40028             69.65153              0.00000
          1779.38098           4779.46532             50.00000              0.77955              0.00000           1000.00000              2.00000              1.00000              1.00000              0.00000              0.00000              0.00000              0.77955              0.00000             17.00000           1779.38098           4779.46532             50.00000              0.77955
          1813.13550           5813.21990             50.00000              0.81330              0.00000           1000.00000              2.00000              1.00000              1.00000              0.00000              0.00000              0.00000              0.00000              0.00000             18.00000           1813.13550           5813.21990             50.00000              0.81330
          1846.89009           6846.97449             50.00000              0.84706              0.00000           1000.00000              2.00000              1.00000              1.00000              0.00000              0.00000              0.00000              0.00000              0.00000             19.00000           1846.89009           6846.97449             50.00000              0.84706
          1880.64468           7880.72908             50.00000              0.88081              0.00000           1000.00000              2.00000              1.00000              1.00000              0.00000              0.00000              0.00000              0.00000              0.00000             20.00000           1880.64468           7880.72908             50.00000              0.88081

