           20
           24
          1848.15592           6848.24026             50.00000              0.84832              0.00000           1000.00000              2.00000              1.00000              1.00000              0.00000           1414.21359              0.00000              1.00000           1414.21359             23.00000           1848.15592           6848.24026             50.00000              1.84832
          2813.13528           6813.21968             49.99978              1.81330              0.00000           1000.00000              2.00000              1.00000              1.00000              0.00000           1414.21395              0.00000              1.00000           1414.21395             -1.00000           1813.13550           5813.21990             50.00000              0.81330
          1814.14819           5814.23253             50.00000              0.81432              0.00000           1000.00000              2.00000              1.00000              1.00000              0.00000           1414.21365              0.00000              1.00000           1414.21365             22.00000           1814.14819           5814.23253             50.00000              1.81432
          2779.38132           5779.46566             50.00034              1.77955              0.00000           1000.00000              2.00000              1.00000              1.00000              0.00000           1414.21415              0.00000              1.77955           1414.21415             -1.00000           1779.38098           4779.46532             50.00000              0.77955
          1300.53122           6300.61560             69.93008              1.00000              0.00000    24000000000.00000              1.00000              1.00000              1.00000              0.00000           1414.21369              0.00000              1.00000           1414.21369             -1.00000            300.53115           5300.61552             69.93001              0.00000
          2300.78420           6300.86860             69.90460              1.00000              0.00000    24000000000.00000              1.00000              1.00000              1.00000              0.00000           1414.21372              0.00000              1.00000           1414.21372             -1.00000           1300.78429           5300.86869             69.90469              0.00000
          1299.51844           5299.60284             70.03122              1.00000              0.00000    24000000000.00000              1.00000              1.00000              1.00000              0.00000           1414.21366              0.00000              1.00000           1414.21366             -1.00000            299.51850           4299.60290             70.03127              0.00000
          2299.77164           5299.85604             70.00593              1.00000              0.00000    24000000000.00000              1.00000              1.00000              1.00000              0.00000           1414.21360              0.00000              1.00000           1414.21360             -1.00000           1299.77167           4299.85607             70.00596              0.00000
          3096.88984           8096.97424             49.99975              2.09706              0.00000           1000.00000              2.00000              0.00000              1.00000              3.00000           1767.76740              0.00000              1.25000           1767.76740             -1.00000           1846.89009           6846.97449             50.00000              0.84706
          4052.04996           8052.13433             69.77796              1.75000              0.00000    24000000000.00000              1.00000              0.00000              1.00000              3.00000           2474.87412              0.00000              1.75000           2474.87412             -1.00000           2302.05011           6302.13448             69.77811              0.00000
          3051.79684           8051.88122             69.80333              1.75000              0.00000    24000000000.00000              1.00000              0.00000              1.00000              3.00000           2474.87410              0.00000              1.75000           2474.87410             -1.00000           1301.79694           6301.88131             69.80343              0.00000
          4301.03745           7301.12185             69.87936              2.00000              0.00000    24000000000.00000              1.00000              1.00000              1.00000              0.00000           2828.42753              0.00000              2.00000           2828.42753              3.00000           2301.03746           5301.12186             69.87938              0.00000
          4300.02499           6300.10936             69.98079              2.00000              0.00000    24000000000.00000              1.00000              1.00000              1.00000              0.00000           2828.42739              0.00000              2.00000           2828.42739              3.00000           2300.02484           4300.10921             69.98064              0.00000
          3616.91695           5617.00135             50.00029              2.61709              0.00000           1000.00000              2.00000              1.00000              1.00000              0.00000           2828.42763              0.00000              2.61709           2828.42763             -1.00000           1616.91666           3617.00106             50.00000              0.61709
          2051.54407           8051.62847             69.82904              1.75000              0.00000    24000000000.00000              1.00000              0.00000              1.00000              3.00000           2474.87425              0.00000              1.75000           2474.87425             -1.00000            301.54377           6301.62817             69.82875              0.00000
          4284.83554           5284.91991             71.49985              2.00000              0.00000    24000000000.00000              1.00000              1.00000              1.00000              0.00000           2828.42757              0.00000              2.00000           2828.42757              3.00000           2284.83528           3284.91965             71.49960              0.00000
          3284.58237           5284.66674             71.52517              2.00000              0.00000    24000000000.00000              1.00000              1.00000              1.00000              0.00000           2828.42763              0.00000              2.00000           2828.42763             -1.00000           1284.58211           3284.66648             71.52491              0.00000
          2284.32920           5284.41360             71.55049              2.00000              0.00000    24000000000.00000              1.00000              1.00000              1.00000              0.00000           2828.42775              0.00000              2.00000           2828.42775             -1.00000            284.32894           3284.41334             71.55023              0.00000
          2780.39394           5780.47834             50.00034              1.78056              0.00000           1000.00000              2.00000              1.00000              1.00000              0.00000           2474.87468              0.00000              2.53056           2474.87468             -1.00000           1780.39360           4780.47800             50.00000              1.78056
          2131.15111           8131.23545             50.00009              1.13132              0.00000           1000.00000              2.00000              0.00000              1.00000              3.00000           1767.76714              0.00000              1.25000           1767.76714             -1.00000           1881.15102           7881.23536             50.00000              1.88132

