           20
           20
          1846.89009           6846.97449             50.00000              0.84706              0.00000           1000.00000              2.00000              1.00000              1.00000              0.00000              0.00000              0.00000              0.00000              0.00000             19.00000           1846.89009           6846.97449             50.00000              0.84706
          1813.13550           5813.21990             50.00000              0.81330              0.00000           1000.00000              2.00000              1.00000              1.00000              0.00000              0.00000              0.00000              0.00000              0.00000             18.00000           1813.13550           5813.21990             50.00000              0.81330
          2302.05011           6302.13448             69.77811              0.00000              0.00000    24000000000.00000              1.00000              1.00000              1.00000              0.00000              0.00000              0.00000              0.00000              0.00000             11.00000           2302.05011           6302.13448             69.77811              0.00000
          1301.79694           6301.88131             69.80343              0.00000              0.00000    24000000000.00000              1.00000              1.00000              1.00000              0.00000              0.00000              0.00000              0.00000              0.00000             10.00000           1301.79694           6301.88131             69.80343              0.00000
          2301.03746           5301.12186             69.87938              0.00000              0.00000    24000000000.00000              1.00000              1.00000              1.00000              0.00000              0.00000              0.00000              0.00000              0.00000              7.00000           2301.03746           5301.12186             69.87938              0.00000
          1300.78429           5300.86869             69.90469              0.00000              0.00000    24000000000.00000              1.00000              1.00000              1.00000              0.00000              0.00000              0.00000              0.00000              0.00000              6.00000           1300.78429           5300.86869             69.90469              0.00000
          1299.51844           5299.60284             70.03122              1.00000              0.00000    24000000000.00000              1.00000              1.00000              1.00000              0.00000           1414.21366              0.00000              1.00000           1414.21366             -1.00000            299.51850           4299.60290             70.03127              0.00000
          2299.77164           5299.85604             70.00593              1.00000              0.00000    24000000000.00000              1.00000              1.00000              1.00000              0.00000           1414.21360              0.00000              1.00000           1414.21360             -1.00000           1299.77167           4299.85607             70.00596              0.00000
          3300.02485           5300.10922             69.98065              1.00000              0.00000    24000000000.00000              1.00000              1.00000              1.00000              0.00000           1414.21358              0.00000              1.00000           1414.21358             -1.00000           2300.02484           4300.10921             69.98064              0.00000
          4300.27802           5300.36242             69.95537              1.00000              0.00000    24000000000.00000              1.00000              1.00000              1.00000              0.00000           1414.21364              0.00000              1.00000           1414.21364              3.00000           3300.27798           4300.36238             69.95533              0.00000
          1300.53122           6300.61560             69.93008              1.00000              0.00000    24000000000.00000              1.00000              1.00000              1.00000              0.00000           1414.21369              0.00000              1.00000           1414.21369             -1.00000            300.53115           5300.61552             69.93001              0.00000
          4301.29074           6301.37511             69.85417              1.00000              0.00000    24000000000.00000              1.00000              1.00000              1.00000              0.00000           1414.21375              0.00000              1.00000           1414.21375              3.00000           3301.29063           5301.37500             69.85406              0.00000
          1301.54391           7301.62831             69.82889              1.00000              0.00000    24000000000.00000              1.00000              1.00000              1.00000              0.00000           1414.21381              0.00000              1.00000           1414.21381             -1.00000            301.54377           6301.62817             69.82875              0.00000
          4302.30343           7302.38783             69.75297              1.00000              0.00000    24000000000.00000              1.00000              1.00000              1.00000              0.00000           1414.21387              0.00000              1.00000           1414.21387              3.00000           3302.30325           6302.38765             69.75280              0.00000
          1052.55658           8052.64095             69.72764              0.75000              0.00000    24000000000.00000              1.00000              0.00000              1.00000              3.00000           1060.66044              0.00000              0.75000           1060.66044             -1.00000            302.55643           7302.64080             69.72748              0.00000
          2052.80975           8052.89415             69.70235              0.75000              0.00000    24000000000.00000              1.00000              0.00000              1.00000              3.00000           1060.66048              0.00000              0.75000           1060.66048             -1.00000           1302.80957           7302.89397             69.70217              0.00000
          3053.06294           8053.14734             69.67706              0.75000              0.00000    24000000000.00000              1.00000              0.00000              1.00000              3.00000           1060.66053              0.00000              0.75000           1060.66053             -1.00000           2303.06274           7303.14714             69.67685              0.00000
          4053.31614           8053.40051             69.65176              0.75000              0.00000    24000000000.00000              1.00000              0.00000              1.00000              3.00000           1060.66057              0.00000              0.75000           1060.66057             -1.00000           3303.31591           7303.40028             69.65153              0.00000
          2779.38132           5779.46566             50.00034              1.77955              0.00000           1000.00000              2.00000              1.00000              1.00000              0.00000           1414.21415              0.00000              1.77955           1414.21415             -1.00000           1779.38098           4779.46532             50.00000              0.77955
          2130.64477           8130.72917             50.00009              1.13081              0.00000           1000.00000              2.00000              0.00000              1.00000              3.00000            353.55355              0.00000              0.25000            353.55355             -1.00000           1880.64468           7880.72908             50.00000              0.88081

