 rank            3           16            8
           24
           24
          5509.36437           6509.44877             50.00000              0.50953              0.00000           1000.00000              2.00000              1.00000              1.00000              0.00000              0.00000              0.00000              0.00000              0.00000             23.00000           5509.36437           6509.44877             50.00000              0.50953
          5475.60981           5475.69421             50.00000              0.47578              0.00000           1000.00000              2.00000              1.00000              1.00000              0.00000              0.00000              0.00000              0.00000              0.00000             22.00000           5475.60981           5475.69421             50.00000              0.47578
          7339.26451           6339.34891             66.05667              0.00000              0.00000    24000000000.00000              1.00000              1.00000              1.00000              0.00000              0.00000              0.00000              0.00000              0.00000             14.00000           7339.26451           6339.34891             66.05667              0.00000
          6339.01137           6339.09574             66.08199              0.00000              0.00000    24000000000.00000              1.00000              1.00000              1.00000              0.00000              0.00000              0.00000              0.00000              0.00000             13.00000           6339.01137           6339.09574             66.08199              0.00000
          5338.75820           6338.84260             66.10730              0.00000              0.00000    24000000000.00000              1.00000              1.00000              1.00000              0.00000              0.00000              0.00000              0.00000              0.00000             12.00000           5338.75820           6338.84260             66.10730              0.00000
          7337.99872           5338.08312             66.18325              0.00000              0.00000    24000000000.00000              1.00000              1.00000              1.00000              0.00000              0.00000              0.00000              0.00000              0.00000              9.00000           7337.99872           5338.08312             66.18325              0.00000
          5337.49241           5337.57678             66.23388              0.00000              0.00000    24000000000.00000              1.00000              1.00000              1.00000              0.00000              0.00000              0.00000              0.00000              0.00000              7.00000           5337.49241           5337.57678             66.23388              0.00000
          6337.74558           5337.82995             66.20857              0.00000              0.00000    24000000000.00000              1.00000              1.00000              1.00000              0.00000              0.00000              0.00000              0.00000              0.00000              8.00000           6337.74558           5337.82995             66.20857              0.00000
          4335.97344           4336.05784             66.38578              0.00000              0.00000    24000000000.00000              1.00000              1.00000              1.00000              0.00000              0.00000              0.00000              0.00000              0.00000              1.00000           4335.97344           4336.05784             66.38578              0.00000
          5336.22661           4336.31098             66.36046              0.00000              0.00000    24000000000.00000              1.00000              1.00000              1.00000              0.00000              0.00000              0.00000              0.00000              0.00000              2.00000           5336.22661           4336.31098             66.36046              0.00000
          6336.47975           4336.56415             66.33514              0.00000              0.00000    24000000000.00000              1.00000              1.00000              1.00000              0.00000              0.00000              0.00000              0.00000              0.00000              3.00000           6336.47975           4336.56415             66.33514              0.00000
          7336.73292           4336.81732             66.30983              0.00000              0.00000    24000000000.00000              1.00000              1.00000              1.00000              0.00000              0.00000              0.00000              0.00000              0.00000              4.00000           7336.73292           4336.81732             66.30983              0.00000
          8336.98609           4337.07047             66.28451              0.00000              0.00000    24000000000.00000              1.00000              1.00000              1.00000              0.00000              0.00000              0.00000              0.00000              0.00000              5.00000           8336.98609           4337.07047             66.28451              0.00000
          4337.23924           5337.32364             66.25920              0.00000              0.00000    24000000000.00000              1.00000              1.00000              1.00000              0.00000              0.00000              0.00000              0.00000              0.00000              6.00000           4337.23924           5337.32364             66.25920              0.00000
          8338.25189           5338.33626             66.15793              0.00000              0.00000    24000000000.00000              1.00000              1.00000              1.00000              0.00000              0.00000              0.00000              0.00000              0.00000             10.00000           8338.25189           5338.33626             66.15793              0.00000
          4338.50503           6338.58943             66.13262              0.00000              0.00000    24000000000.00000              1.00000              1.00000              1.00000              0.00000              0.00000              0.00000              0.00000              0.00000             11.00000           4338.50503           6338.58943             66.13262              0.00000
          8339.51768           6339.60205             66.03135              0.00000              0.00000    24000000000.00000              1.00000              1.00000              1.00000              0.00000              0.00000              0.00000              0.00000              0.00000             15.00000           8339.51768           6339.60205             66.03135              0.00000
          4339.77085           7339.85522             66.00604              0.00000              0.00000    24000000000.00000              1.00000              1.00000              1.00000              0.00000              0.00000              0.00000              0.00000              0.00000             16.00000           4339.77085           7339.85522             66.00604              0.00000
          5340.02399           7340.10839             65.98072              0.00000              0.00000    24000000000.00000              1.00000              1.00000              1.00000              0.00000              0.00000              0.00000              0.00000              0.00000             17.00000           5340.02399           7340.10839             65.98072              0.00000
          6340.27717           7340.36154             65.95541              0.00000              0.00000    24000000000.00000              1.00000              1.00000              1.00000              0.00000              0.00000              0.00000              0.00000              0.00000             18.00000           6340.27717           7340.36154             65.95541              0.00000
          7340.53031           7340.61471             65.93009              0.00000              0.00000    24000000000.00000              1.00000              1.00000              1.00000              0.00000              0.00000              0.00000              0.00000              0.00000             19.00000           7340.53031           7340.61471             65.93009              0.00000
          8340.78348           7340.86788             65.90478              0.00000              0.00000    24000000000.00000              1.00000              1.00000              1.00000              0.00000              0.00000              0.00000              0.00000              0.00000             20.00000           8340.78348           7340.86788             65.90478              0.00000
          5441.85525           4441.93962             50.00000              0.44202              0.00000           1000.00000              2.00000              1.00000              1.00000              0.00000              0.00000              0.00000              0.44202              0.00000             21.00000           5441.85525           4441.93962             50.00000              0.44202
          5543.11895           7543.20335             50.00000              0.54329              0.00000           1000.00000              2.00000              1.00000              1.00000              0.00000              0.00000              0.00000              0.00000              0.00000             24.00000           5543.11895           7543.20335             50.00000              0.54329

