 LIM_hillslope_LW_shrub                                                                                                                                                                                  
 ../hillslope_clm_LW_shrub/hillslope_clm_LW_shrub                                                                                                                                                        
                                                                                                                                                                                                         
           20
            5
           20
           10
            1
            1
            1
        30000
    5.000000000000000     
   0.2000000000000000     
   0.5000000000000000        0.5000000000000000        0.5000000000000000      
   0.5000000000000000        0.5000000000000000        0.5000000000000000      
   0.5000000000000000        0.5000000000000000        0.5000000000000000      
   0.5000000000000000        0.5000000000000000        0.5000000000000000      
   0.5000000000000000        0.5000000000000000        0.5000000000000000      
   0.5000000000000000        0.5000000000000000        0.5000000000000000      
   0.3000000000000000        0.1000000000000000     
    1.000000000000000     
        35041
        35045
            0
            1
           24
            0
            0
            0
            0
    1.000000000000000     
  T
  T
            1
    1000.000000000000     
   1.0000000000000000E-008
   0.2500000000000000     
            1
                                                                                                                                                                                                         
