           80
           80
           484.31787            921.72182             88.01444              0.00000              0.00000    24000000000.00000              1.00000              1.00000              1.00000              0.00000              0.00000              0.00000              0.00000              0.00000              1.00000            484.31787            921.72182             88.01444              0.00000
          1281.54421            281.62858             71.82870              0.00000              0.00000    24000000000.00000              1.00000              1.00000              1.00000              0.00000              0.00000              0.00000              0.00000              0.00000              2.00000           1281.54421            281.62858             71.82870              0.00000
          2281.79735            281.88175             71.80339              0.00000              0.00000    24000000000.00000              1.00000              1.00000              1.00000              0.00000              0.00000              0.00000              0.00000              0.00000              3.00000           2281.79735            281.88175             71.80339              0.00000
          3282.05052            282.13489             71.77807              0.00000              0.00000    24000000000.00000              1.00000              1.00000              1.00000              0.00000              0.00000              0.00000              0.00000              0.00000              4.00000           3282.05052            282.13489             71.77807              0.00000
          4282.30366            282.38806             71.75276              0.00000              0.00000    24000000000.00000              1.00000              1.00000              1.00000              0.00000              0.00000              0.00000              0.00000              0.00000              5.00000           4282.30366            282.38806             71.75276              0.00000
          5282.55683            282.64123             71.72744              0.00000              0.00000    24000000000.00000              1.00000              1.00000              1.00000              0.00000              0.00000              0.00000              0.00000              0.00000              6.00000           5282.55683            282.64123             71.72744              0.00000
          6282.81000            282.89437             71.70212              0.00000              0.00000    24000000000.00000              1.00000              1.00000              1.00000              0.00000              0.00000              0.00000              0.00000              0.00000              7.00000           6282.81000            282.89437             71.70212              0.00000
          7283.06314            283.14754             71.67681              0.00000              0.00000    24000000000.00000              1.00000              1.00000              1.00000              0.00000              0.00000              0.00000              0.00000              0.00000              8.00000           7283.06314            283.14754             71.67681              0.00000
          8283.31631            283.40068             71.65149              0.00000              0.00000    24000000000.00000              1.00000              1.00000              1.00000              0.00000              0.00000              0.00000              0.00000              0.00000              9.00000           8283.31631            283.40068             71.65149              0.00000
           283.56946           1283.65386             71.62617              0.00000              0.00000    24000000000.00000              1.00000              1.00000              1.00000              0.00000              0.00000              0.00000              0.00000              0.00000             10.00000            283.56946           1283.65386             71.62617              0.00000
          1283.82263           1283.90703             71.60086              0.00000              0.00000    24000000000.00000              1.00000              1.00000              1.00000              0.00000              0.00000              0.00000              0.00000              0.00000             11.00000           1283.82263           1283.90703             71.60086              0.00000
          2284.07580           1284.16017             71.57554              0.00000              0.00000    24000000000.00000              1.00000              1.00000              1.00000              0.00000              0.00000              0.00000              0.00000              0.00000             12.00000           2284.07580           1284.16017             71.57554              0.00000
          3284.32894           1284.41334             71.55023              0.00000              0.00000    24000000000.00000              1.00000              1.00000              1.00000              0.00000              0.00000              0.00000              0.00000              0.00000             13.00000           3284.32894           1284.41334             71.55023              0.00000
          4284.58211           1284.66648             71.52491              0.00000              0.00000    24000000000.00000              1.00000              1.00000              1.00000              0.00000              0.00000              0.00000              0.00000              0.00000             14.00000           4284.58211           1284.66648             71.52491              0.00000
          5284.83528           1284.91965             71.49960              0.00000              0.00000    24000000000.00000              1.00000              1.00000              1.00000              0.00000              0.00000              0.00000              0.00000              0.00000             15.00000           5284.83528           1284.91965             71.49960              0.00000
          6285.08842           1285.17282             71.47428              0.00000              0.00000    24000000000.00000              1.00000              1.00000              1.00000              0.00000              0.00000              0.00000              0.00000              0.00000             16.00000           6285.08842           1285.17282             71.47428              0.00000
          7285.34159           1285.42596             71.44896              0.00000              0.00000    24000000000.00000              1.00000              1.00000              1.00000              0.00000              0.00000              0.00000              0.00000              0.00000             17.00000           7285.34159           1285.42596             71.44896              0.00000
          8285.59473           1285.67913             71.42365              0.00000              0.00000    24000000000.00000              1.00000              1.00000              1.00000              0.00000              0.00000              0.00000              0.00000              0.00000             18.00000           8285.59473           1285.67913             71.42365              0.00000
           285.84790           2285.93230             71.39833              0.00000              0.00000    24000000000.00000              1.00000              1.00000              1.00000              0.00000              0.00000              0.00000              0.00000              0.00000             19.00000            285.84790           2285.93230             71.39833              0.00000
          1286.10107           2286.18544             71.37302              0.00000              0.00000    24000000000.00000              1.00000              1.00000              1.00000              0.00000              0.00000              0.00000              0.00000              0.00000             20.00000           1286.10107           2286.18544             71.37302              0.00000
          2286.35421           2286.43861             71.34770              0.00000              0.00000    24000000000.00000              1.00000              1.00000              1.00000              0.00000              0.00000              0.00000              0.00000              0.00000             21.00000           2286.35421           2286.43861             71.34770              0.00000
          3286.60738           2286.69176             71.32238              0.00000              0.00000    24000000000.00000              1.00000              1.00000              1.00000              0.00000              0.00000              0.00000              0.00000              0.00000             22.00000           3286.60738           2286.69176             71.32238              0.00000
          4286.86056           2286.94493             71.29707              0.00000              0.00000    24000000000.00000              1.00000              1.00000              1.00000              0.00000              0.00000              0.00000              0.00000              0.00000             23.00000           4286.86056           2286.94493             71.29707              0.00000
          5287.11370           2287.19810             71.27175              0.00000              0.00000    24000000000.00000              1.00000              1.00000              1.00000              0.00000              0.00000              0.00000              0.00000              0.00000             24.00000           5287.11370           2287.19810             71.27175              0.00000
          6287.36687           2287.45124             71.24644              0.00000              0.00000    24000000000.00000              1.00000              1.00000              1.00000              0.00000              0.00000              0.00000              0.00000              0.00000             25.00000           6287.36687           2287.45124             71.24644              0.00000
          7287.62001           2287.70441             71.22112              0.00000              0.00000    24000000000.00000              1.00000              1.00000              1.00000              0.00000              0.00000              0.00000              0.00000              0.00000             26.00000           7287.62001           2287.70441             71.22112              0.00000
          8287.87318           2287.95758             71.19581              0.00000              0.00000    24000000000.00000              1.00000              1.00000              1.00000              0.00000              0.00000              0.00000              0.00000              0.00000             27.00000           8287.87318           2287.95758             71.19581              0.00000
           288.12635           3288.21072             71.17049              0.00000              0.00000    24000000000.00000              1.00000              1.00000              1.00000              0.00000              0.00000              0.00000              0.00000              0.00000             28.00000            288.12635           3288.21072             71.17049              0.00000
          1288.37949           3288.46389             71.14517              0.00000              0.00000    24000000000.00000              1.00000              1.00000              1.00000              0.00000              0.00000              0.00000              0.00000              0.00000             29.00000           1288.37949           3288.46389             71.14517              0.00000
          2288.63266           3288.71703             71.11986              0.00000              0.00000    24000000000.00000              1.00000              1.00000              1.00000              0.00000              0.00000              0.00000              0.00000              0.00000             30.00000           2288.63266           3288.71703             71.11986              0.00000
          3288.88580           3288.97020             71.09454              0.00000              0.00000    24000000000.00000              1.00000              1.00000              1.00000              0.00000              0.00000              0.00000              0.00000              0.00000             31.00000           3288.88580           3288.97020             71.09454              0.00000
          4289.13897           3289.22337             71.06923              0.00000              0.00000    24000000000.00000              1.00000              1.00000              1.00000              0.00000              0.00000              0.00000              0.00000              0.00000             32.00000           4289.13897           3289.22337             71.06923              0.00000
          5289.39214           3289.47651             71.04391              0.00000              0.00000    24000000000.00000              1.00000              1.00000              1.00000              0.00000              0.00000              0.00000              0.00000              0.00000             33.00000           5289.39214           3289.47651             71.04391              0.00000
          6289.64528           3289.72968             71.01859              0.00000              0.00000    24000000000.00000              1.00000              1.00000              1.00000              0.00000              0.00000              0.00000              0.00000              0.00000             34.00000           6289.64528           3289.72968             71.01859              0.00000
          7289.89846           3289.98283             70.99328              0.00000              0.00000    24000000000.00000              1.00000              1.00000              1.00000              0.00000              0.00000              0.00000              0.00000              0.00000             35.00000           7289.89846           3289.98283             70.99328              0.00000
          8290.15163           3290.23600             70.96796              0.00000              0.00000    24000000000.00000              1.00000              1.00000              1.00000              0.00000              0.00000              0.00000              0.00000              0.00000             36.00000           8290.15163           3290.23600             70.96796              0.00000
           290.40477           4290.48917             70.94265              0.00000              0.00000    24000000000.00000              1.00000              1.00000              1.00000              0.00000              0.00000              0.00000              0.00000              0.00000             37.00000            290.40477           4290.48917             70.94265              0.00000
          1290.65794           4290.74231             70.91733              0.00000              0.00000    24000000000.00000              1.00000              1.00000              1.00000              0.00000              0.00000              0.00000              0.00000              0.00000             38.00000           1290.65794           4290.74231             70.91733              0.00000
          2290.91108           4290.99548             70.89202              0.00000              0.00000    24000000000.00000              1.00000              1.00000              1.00000              0.00000              0.00000              0.00000              0.00000              0.00000             39.00000           2290.91108           4290.99548             70.89202              0.00000
          3291.16425           4291.24865             70.86670              0.00000              0.00000    24000000000.00000              1.00000              1.00000              1.00000              0.00000              0.00000              0.00000              0.00000              0.00000             40.00000           3291.16425           4291.24865             70.86670              0.00000
          4291.41742           4291.50179             70.84138              0.00000              0.00000    24000000000.00000              1.00000              1.00000              1.00000              0.00000              0.00000              0.00000              0.00000              0.00000             41.00000           4291.41742           4291.50179             70.84138              0.00000
          5291.67056           4291.75496             70.81607              0.00000              0.00000    24000000000.00000              1.00000              1.00000              1.00000              0.00000              0.00000              0.00000              0.00000              0.00000             42.00000           5291.67056           4291.75496             70.81607              0.00000
          6291.92373           4292.00810             70.79075              0.00000              0.00000    24000000000.00000              1.00000              1.00000              1.00000              0.00000              0.00000              0.00000              0.00000              0.00000             43.00000           6291.92373           4292.00810             70.79075              0.00000
          7292.17687           4292.26127             70.76543              0.00000              0.00000    24000000000.00000              1.00000              1.00000              1.00000              0.00000              0.00000              0.00000              0.00000              0.00000             44.00000           7292.17687           4292.26127             70.76543              0.00000
          8292.43004           4292.51444             70.74012              0.00000              0.00000    24000000000.00000              1.00000              1.00000              1.00000              0.00000              0.00000              0.00000              0.00000              0.00000             45.00000           8292.43004           4292.51444             70.74012              0.00000
           292.68321           5292.76758             70.71480              0.00000              0.00000    24000000000.00000              1.00000              1.00000              1.00000              0.00000              0.00000              0.00000              0.00000              0.00000             46.00000            292.68321           5292.76758             70.71480              0.00000
          1292.93635           5293.02076             70.68949              0.00000              0.00000    24000000000.00000              1.00000              1.00000              1.00000              0.00000              0.00000              0.00000              0.00000              0.00000             47.00000           1292.93635           5293.02076             70.68949              0.00000
          2293.18953           5293.27390             70.66417              0.00000              0.00000    24000000000.00000              1.00000              1.00000              1.00000              0.00000              0.00000              0.00000              0.00000              0.00000             48.00000           2293.18953           5293.27390             70.66417              0.00000
          3293.44270           5293.52707             70.63885              0.00000              0.00000    24000000000.00000              1.00000              1.00000              1.00000              0.00000              0.00000              0.00000              0.00000              0.00000             49.00000           3293.44270           5293.52707             70.63885              0.00000
          4293.69584           5293.78024             70.61354              0.00000              0.00000    24000000000.00000              1.00000              1.00000              1.00000              0.00000              0.00000              0.00000              0.00000              0.00000             50.00000           4293.69584           5293.78024             70.61354              0.00000
          5293.94901           5294.03338             70.58822              0.00000              0.00000    24000000000.00000              1.00000              1.00000              1.00000              0.00000              0.00000              0.00000              0.00000              0.00000             51.00000           5293.94901           5294.03338             70.58822              0.00000
          6294.20215           5294.28655             70.56291              0.00000              0.00000    24000000000.00000              1.00000              1.00000              1.00000              0.00000              0.00000              0.00000              0.00000              0.00000             52.00000           6294.20215           5294.28655             70.56291              0.00000
          7294.45532           5294.53972             70.53759              0.00000              0.00000    24000000000.00000              1.00000              1.00000              1.00000              0.00000              0.00000              0.00000              0.00000              0.00000             53.00000           7294.45532           5294.53972             70.53759              0.00000
          8294.70849           5294.79286             70.51227              0.00000              0.00000    24000000000.00000              1.00000              1.00000              1.00000              0.00000              0.00000              0.00000              0.00000              0.00000             54.00000           8294.70849           5294.79286             70.51227              0.00000
           294.96163           6295.04603             70.48696              0.00000              0.00000    24000000000.00000              1.00000              1.00000              1.00000              0.00000              0.00000              0.00000              0.00000              0.00000             55.00000            294.96163           6295.04603             70.48696              0.00000
          1295.21480           6295.29917             70.46164              0.00000              0.00000    24000000000.00000              1.00000              1.00000              1.00000              0.00000              0.00000              0.00000              0.00000              0.00000             56.00000           1295.21480           6295.29917             70.46164              0.00000
          2295.46794           6295.55234             70.43633              0.00000              0.00000    24000000000.00000              1.00000              1.00000              1.00000              0.00000              0.00000              0.00000              0.00000              0.00000             57.00000           2295.46794           6295.55234             70.43633              0.00000
          3295.72111           6295.80551             70.41101              0.00000              0.00000    24000000000.00000              1.00000              1.00000              1.00000              0.00000              0.00000              0.00000              0.00000              0.00000             58.00000           3295.72111           6295.80551             70.41101              0.00000
          4295.97428           6296.05865             70.38569              0.00000              0.00000    24000000000.00000              1.00000              1.00000              1.00000              0.00000              0.00000              0.00000              0.00000              0.00000             59.00000           4295.97428           6296.05865             70.38569              0.00000
          5296.22743           6296.31183             70.36038              0.00000              0.00000    24000000000.00000              1.00000              1.00000              1.00000              0.00000              0.00000              0.00000              0.00000              0.00000             60.00000           5296.22743           6296.31183             70.36038              0.00000
          6296.48060           6296.56500             70.33506              0.00000              0.00000    24000000000.00000              1.00000              1.00000              1.00000              0.00000              0.00000              0.00000              0.00000              0.00000             61.00000           6296.48060           6296.56500             70.33506              0.00000
          7296.73377           6296.81814             70.30975              0.00000              0.00000    24000000000.00000              1.00000              1.00000              1.00000              0.00000              0.00000              0.00000              0.00000              0.00000             62.00000           7296.73377           6296.81814             70.30975              0.00000
          8296.98691           6297.07131             70.28443              0.00000              0.00000    24000000000.00000              1.00000              1.00000              1.00000              0.00000              0.00000              0.00000              0.00000              0.00000             63.00000           8296.98691           6297.07131             70.28443              0.00000
           297.24008           7297.32445             70.25912              0.00000              0.00000    24000000000.00000              1.00000              1.00000              1.00000              0.00000              0.00000              0.00000              0.00000              0.00000             64.00000            297.24008           7297.32445             70.25912              0.00000
          1297.49322           7297.57762             70.23380              0.00000              0.00000    24000000000.00000              1.00000              1.00000              1.00000              0.00000              0.00000              0.00000              0.00000              0.00000             65.00000           1297.49322           7297.57762             70.23380              0.00000
          2297.74639           7297.83079             70.20848              0.00000              0.00000    24000000000.00000              1.00000              1.00000              1.00000              0.00000              0.00000              0.00000              0.00000              0.00000             66.00000           2297.74639           7297.83079             70.20848              0.00000
          3297.99956           7298.08393             70.18317              0.00000              0.00000    24000000000.00000              1.00000              1.00000              1.00000              0.00000              0.00000              0.00000              0.00000              0.00000             67.00000           3297.99956           7298.08393             70.18317              0.00000
          4298.25270           7298.33710             70.15785              0.00000              0.00000    24000000000.00000              1.00000              1.00000              1.00000              0.00000              0.00000              0.00000              0.00000              0.00000             68.00000           4298.25270           7298.33710             70.15785              0.00000
          5298.50587           7298.59024             70.13254              0.00000              0.00000    24000000000.00000              1.00000              1.00000              1.00000              0.00000              0.00000              0.00000              0.00000              0.00000             69.00000           5298.50587           7298.59024             70.13254              0.00000
          6298.75904           7298.84341             70.10722              0.00000              0.00000    24000000000.00000              1.00000              1.00000              1.00000              0.00000              0.00000              0.00000              0.00000              0.00000             70.00000           6298.75904           7298.84341             70.10722              0.00000
          7299.01218           7299.09658             70.08190              0.00000              0.00000    24000000000.00000              1.00000              1.00000              1.00000              0.00000              0.00000              0.00000              0.00000              0.00000             71.00000           7299.01218           7299.09658             70.08190              0.00000
          8299.26535           7299.34973             70.05659              0.00000              0.00000    24000000000.00000              1.00000              1.00000              1.00000              0.00000              0.00000              0.00000              0.00000              0.00000             72.00000           8299.26535           7299.34973             70.05659              0.00000
          1405.90921            405.99361             50.00000              0.40608              0.00000           1000.00000              2.00000              1.00000              1.00000              0.00000              0.00000              0.00000              0.40608              0.00000             73.00000           1405.90921            405.99361             50.00000              0.40608
          1439.66380           1439.74817             50.00000              0.43983              0.00000           1000.00000              2.00000              1.00000              1.00000              0.00000              0.00000              0.00000              0.43983              0.00000             74.00000           1439.66380           1439.74817             50.00000              0.43983
          1473.41835           2473.50276             50.00000              0.47359              0.00000           1000.00000              2.00000              1.00000              1.00000              0.00000              0.00000              0.00000              0.47359              0.00000             75.00000           1473.41835           2473.50276             50.00000              0.47359
          1507.17294           3507.25734             50.00000              0.50734              0.00000           1000.00000              2.00000              1.00000              1.00000              0.00000              0.00000              0.00000              0.50734              0.00000             76.00000           1507.17294           3507.25734             50.00000              0.50734
          1540.92753           4541.01193             50.00000              0.54110              0.00000           1000.00000              2.00000              1.00000              1.00000              0.00000              0.00000              0.00000              0.54110              0.00000             77.00000           1540.92753           4541.01193             50.00000              0.54110
          1574.68212           5574.76646             50.00000              0.57485              0.00000           1000.00000              2.00000              1.00000              1.00000              0.00000              0.00000              0.00000              0.57485              0.00000             78.00000           1574.68212           5574.76646             50.00000              0.57485
          1608.43664           6608.52104             50.00000              0.60861              0.00000           1000.00000              2.00000              1.00000              1.00000              0.00000              0.00000              0.00000              0.60861              0.00000             79.00000           1608.43664           6608.52104             50.00000              0.60861
          1642.19123           7642.27563             50.00000              0.64236              0.00000           1000.00000              2.00000              1.00000              1.00000              0.00000              0.00000              0.00000              0.64236              0.00000             80.00000           1642.19123           7642.27563             50.00000              0.64236

