 test                                                                                                                                                                                                    
 ./test                                                                                                                                                                                                  
                                                                                                                                                                                                         
            9
            8
            1
            1
            1
            1
            1
         3000
    1000.000000000000     
    1000.000000000000     
    100.0000000000000     
    1.000000000000000     
            1
            5
            0
            2
           24
            0
            0
            0
            0
    1.000000000000000     
  T
  T
            1
    1000.000000000000     
   1.0000000000000000E-008
   0.2500000000000000     
            1
                                                                                                                                                                                                         
